DEPTH	N2.0M0.5A	N11.0M0.5A
M	OHMM	OHMM
0.0000	5.7375	5.7394
0.1000	5.7465	5.7500
0.2000	5.7406	5.7481
0.3000	5.7271	5.7403
0.4000	5.7111	5.7311
0.5000	5.7217	5.7451
0.6000	5.7554	5.7784
0.7000	5.7725	5.7974
0.8000	5.7591	5.7909
0.9000	5.7334	5.7748
1.0000	5.7238	5.7735
1.1000	5.7489	5.8020
1.2000	5.7977	5.8510
1.3000	5.8349	5.8904
1.4000	5.8483	5.9103
1.5000	5.8506	5.9221
1.6000	5.8641	5.9444
1.7000	5.9053	5.9909
1.8000	5.9586	6.0482
1.9000	5.9942	6.0911
2.0000	6.0200	6.1271
2.1000	6.0568	6.1742
2.2000	6.1294	6.2532
2.3000	6.2489	6.3730
2.4000	6.4090	6.5274
2.5000	6.6042	6.7132
2.6000	6.8601	6.9530
2.7000	7.2353	7.2942
2.8000	7.7735	7.7692
2.9000	8.4267	8.3341
3.0000	9.1529	8.9560
3.1000	9.9840	9.6646
3.2000	11.0246	10.5494
3.3000	12.4736	11.7769
3.4000	14.1375	13.1833
3.5000	15.5616	14.3867
3.6000	16.6582	15.3146
3.7000	17.5008	16.0311
3.8000	18.1673	16.6025
3.9000	18.7183	17.0769
4.0000	19.1799	17.4740
4.1000	19.5079	17.7565
4.2000	19.6584	17.8891
4.3000	19.7449	17.9706
4.4000	19.8275	18.0508
4.5000	19.9704	18.1825
4.6000	20.1827	18.3738
4.7000	20.3403	18.5200
4.8000	20.4503	18.6322
4.9000	20.6173	18.8013
5.0000	20.7517	18.9516
5.1000	20.8131	19.0506
5.2000	20.8161	19.1170
5.3000	20.7232	19.1370
5.4000	20.5586	19.1247
5.5000	20.3986	19.1119
5.6000	20.3117	19.1476
5.7000	20.2494	19.1863
5.8000	20.1466	19.1745
5.9000	20.0503	19.1589
6.0000	20.0047	19.1824
6.1000	19.9537	19.1968
6.2000	19.9150	19.2113
6.3000	19.8548	19.1979
6.4000	19.7319	19.1274
6.5000	19.5330	18.9908
6.6000	19.3077	18.8322
6.7000	19.0998	18.6856
6.8000	18.9483	18.5804
6.9000	18.8669	18.5316
7.0000	18.8270	18.5098
7.1000	18.7278	18.4280
7.2000	18.5069	18.2342
7.3000	18.2155	17.9706
7.4000	17.9326	17.7075
7.5000	17.6740	17.4603
7.6000	17.4037	17.1977
7.7000	17.0288	16.8350
7.8000	16.4250	16.2626
7.9000	15.5125	15.4140
8.0000	14.3418	14.3376
8.1000	13.0501	13.1610
8.2000	11.9142	12.1368
8.3000	11.0422	11.3583
8.4000	10.3243	10.7229
8.5000	9.6723	10.1524
8.6000	9.0637	9.6282
8.7000	8.5427	9.1846
8.8000	8.1698	8.8717
8.9000	7.9287	8.6753
9.0000	7.7704	8.5536
9.1000	7.6566	8.4717
9.2000	7.5697	8.4120
9.3000	7.4973	8.3637
9.4000	7.4454	8.3327
9.5000	7.4410	8.3439
9.6000	7.5346	8.4426
9.7000	7.7630	8.6579
9.8000	8.1157	8.9721
9.9000	8.5076	9.3062
10.0000	8.8972	9.6297
10.1000	9.3033	9.9639
10.2000	9.7873	10.3623
10.3000	10.4545	10.9124
10.4000	11.1758	11.5029
10.5000	11.7122	11.9318
10.6000	12.0772	12.2082
10.7000	12.3429	12.3935
10.8000	12.5501	12.5266
10.9000	12.7216	12.6298
11.0000	12.8767	12.7220
11.1000	13.0200	12.8080
11.2000	13.1240	12.8642
11.3000	13.2358	12.9302
11.4000	13.3593	13.0079
11.5000	13.3890	13.0078
11.6000	13.3448	12.9486
11.7000	13.3062	12.8995
11.8000	13.2538	12.8425
11.9000	13.1550	12.7475
12.0000	13.0227	12.6246
12.1000	12.7896	12.4174
12.2000	12.4234	12.1014
12.3000	11.9423	11.6979
12.4000	11.4897	11.3314
12.5000	11.1258	11.0435
12.6000	10.8159	10.7999
12.7000	10.5605	10.6016
12.8000	10.3525	10.4434
12.9000	10.1367	10.2789
13.0000	9.9523	10.1400
13.1000	9.7951	10.0211
13.2000	9.6440	9.9046
13.3000	9.5131	9.8032
13.4000	9.4087	9.7221
13.5000	9.3214	9.6516
13.6000	9.2432	9.5846
13.7000	9.1423	9.4955
13.8000	9.0571	9.4183
13.9000	9.0331	9.3942
14.0000	9.0500	9.4071
14.1000	9.0918	9.4400
14.2000	9.1247	9.4618
14.3000	9.1264	9.4568
14.4000	9.0922	9.4230
14.5000	9.0616	9.3939
14.6000	9.0926	9.4184
14.7000	9.1742	9.4852
14.8000	9.2187	9.5174
14.9000	9.2096	9.4988
15.0000	9.1708	9.4535
15.1000	9.1294	9.4069
15.2000	9.1256	9.3916
15.3000	9.1639	9.4108
15.4000	9.2097	9.4370
15.5000	9.1888	9.4069
15.6000	9.0995	9.3196
15.7000	9.0306	9.2517
15.8000	9.0191	9.2353
15.9000	9.0665	9.2720
16.0000	9.1871	9.3731
16.1000	9.3070	9.4753
16.2000	9.3693	9.5305
16.3000	9.3723	9.5353
16.4000	9.3588	9.5260
16.5000	9.3658	9.5345
16.6000	9.4160	9.5810
16.7000	9.4989	9.6564
16.8000	9.5738	9.7239
16.9000	9.5776	9.7299
17.0000	9.5452	9.7047
17.1000	9.5363	9.6993
17.2000	9.5785	9.7389
17.3000	9.6847	9.8363
17.4000	9.8577	9.9936
17.5000	10.0362	10.1565
17.6000	10.2104	10.3166
17.7000	10.4274	10.5149
17.8000	10.7340	10.7920
17.9000	11.1841	11.1926
18.0000	11.8299	11.7579
18.1000	12.5850	12.4099
18.2000	13.3713	13.0805
18.3000	14.1863	13.7687
18.4000	15.1293	14.5611
18.5000	16.3394	15.5770
18.6000	17.6670	16.6924
18.7000	18.8169	17.6596
18.8000	19.7458	18.4416
18.9000	20.3536	18.9511
19.0000	20.7130	19.2508
19.1000	20.9619	19.4582
19.2000	21.1653	19.6288
19.3000	21.3370	19.7754
19.4000	21.4517	19.8756
19.5000	21.4827	19.9057
19.6000	21.4656	19.8958
19.7000	21.4093	19.8536
19.8000	21.3923	19.8481
19.9000	21.4537	19.9126
20.0000	21.4986	19.9684
20.1000	21.5132	20.0048
20.2000	21.4735	19.9999
20.3000	21.3403	19.9223
20.4000	21.0770	19.7418
20.5000	20.6898	19.4698
20.6000	20.2306	19.1467
20.7000	19.7215	18.7698
20.8000	19.1342	18.3066
20.9000	18.5135	17.7888
21.0000	17.7439	17.1149
21.1000	16.7374	16.2179
21.2000	15.4864	15.0980
21.3000	14.1433	13.9012
21.4000	12.9963	12.8901
21.5000	12.0769	12.0851
21.6000	11.2736	11.3855
21.7000	10.5393	10.7503
21.8000	9.8696	10.1754
21.9000	9.3529	9.7356
22.0000	8.9773	9.4147
22.1000	8.6908	9.1672
22.2000	8.4778	8.9825
22.3000	8.3297	8.8519
22.4000	8.2029	8.7367
22.5000	8.1185	8.6561
22.6000	8.0530	8.5902
22.7000	7.9650	8.5046
22.8000	7.8606	8.4044
22.9000	7.7928	8.3377
23.0000	7.7523	8.2957
23.1000	7.7230	8.2610
23.2000	7.6942	8.2252
23.3000	7.6708	8.1941
23.4000	7.6302	8.1478
23.5000	7.6010	8.1113
23.6000	7.6147	8.1099
23.7000	7.6605	8.1327
23.8000	7.6901	8.1349
23.9000	7.6996	8.1148
24.0000	7.6930	8.0808
24.1000	7.6789	8.0426
24.2000	7.6787	8.0185
24.3000	7.7097	8.0226
24.4000	7.7557	8.0409
24.5000	7.7860	8.0479
24.6000	7.7829	8.0277
24.7000	7.7664	7.9971
24.8000	7.7489	7.9667
24.9000	7.7359	7.9419
25.0000	7.7433	7.9355
