DEPTH	B5.7A0.4M	B4.48A1.62M	M1.0A0.1B	A2.0M0.5N	N0.5M2.0A	M4.0A0.5B	N2.0M0.5A	N11.0M0.5A
M	OHMM	OHMM	OHMM	OHMM	OHMM	OHMM	OHMM	OHMM
0.0000	5.5004	5.8577	5.9470	5.3683	6.5807	4.7862	5.7378	5.7396
0.1000	5.5203	5.8826	5.8526	5.3552	6.6996	4.7672	5.7468	5.7503
0.2000	5.5170	5.9029	5.8167	5.3452	6.8474	4.7515	5.7404	5.7480
0.3000	5.4924	5.9253	5.9179	5.3322	7.0053	4.7323	5.7267	5.7399
0.4000	5.4713	5.9575	5.9785	5.3281	7.1772	4.7170	5.7110	5.7311
0.5000	5.4866	6.0002	5.9393	5.3207	7.3645	4.6955	5.7214	5.7449
0.6000	5.5225	6.0501	5.8541	5.2924	7.5852	4.6579	5.7557	5.7786
0.7000	5.5399	6.1013	5.7854	5.2620	7.8703	4.6219	5.7724	5.7973
0.8000	5.5251	6.1527	5.8127	5.2455	8.1870	4.5982	5.7593	5.7911
0.9000	5.4939	6.2044	5.9076	5.2394	8.4650	4.5801	5.7333	5.7747
1.0000	5.4821	6.2598	5.9641	5.2320	8.6859	4.5559	5.7241	5.7737
1.1000	5.5059	6.3327	5.9087	5.2058	8.8627	4.5135	5.7489	5.8020
1.2000	5.5501	6.4203	5.7782	5.1559	9.0341	4.4527	5.7976	5.8509
1.3000	5.5819	6.5061	5.6861	5.0999	9.2470	4.3900	5.8351	5.8905
1.4000	5.5846	6.5898	5.6911	5.0544	9.4961	4.3368	5.8482	5.9102
1.5000	5.5803	6.6800	5.7679	5.0242	9.7575	4.2938	5.8513	5.9227
1.6000	5.5911	6.7893	5.7898	5.0007	10.0188	4.2535	5.8645	5.9447
1.7000	5.6330	6.9257	5.7309	4.9704	10.3055	4.2063	5.9048	5.9905
1.8000	5.6888	7.0858	5.6493	4.9305	10.6671	4.1539	5.9589	6.0485
1.9000	5.7275	7.2649	5.6040	4.8958	11.1126	4.1095	5.9941	6.0911
2.0000	5.7487	7.4609	5.6649	4.8676	11.5912	4.0710	6.0203	6.1273
2.1000	5.7774	7.6797	5.7640	4.8408	12.0773	4.0340	6.0573	6.1745
2.2000	5.8432	7.9159	5.7462	4.8083	12.5873	3.9940	6.1290	6.2529
2.3000	5.9555	8.1404	5.6208	4.7539	13.2006	3.9465	6.2491	6.3732
2.4000	6.0878	8.3404	5.4685	4.6697	13.9523	3.8952	6.4090	6.5274
2.5000	6.2352	8.5225	5.3778	4.5834	14.9139	3.8595	6.6047	6.7137
2.6000	6.4235	8.6967	5.3233	4.5236	16.1811	3.8617	6.8606	6.9534
2.7000	6.7085	8.8804	5.2094	4.5036	17.8992	3.9340	7.2353	7.2943
2.8000	7.1473	9.0886	5.0268	4.5793	20.5107	4.1516	7.7738	7.7695
2.9000	7.7299	9.3258	4.8363	4.8104	23.7705	4.5612	8.4266	8.3340
3.0000	8.3976	9.5778	4.9499	5.1752	26.6717	5.0929	9.1530	8.9561
3.1000	9.1639	9.8443	5.5982	5.6547	28.8221	5.6887	9.9831	9.6639
3.2000	10.1537	10.1429	6.3418	6.2105	30.0114	6.2791	11.0244	10.5493
3.3000	11.4361	10.4832	6.9528	6.7214	30.0849	6.7366	12.4738	11.7771
3.4000	12.6888	10.8733	7.4170	7.0808	29.3721	7.0041	14.1378	13.1835
3.5000	13.7035	11.3126	7.7890	7.3479	28.5833	7.1860	15.5612	14.3864
3.6000	14.4615	11.8094	8.3000	7.5839	27.9474	7.3438	16.6576	15.3141
3.7000	15.0055	12.4223	9.0734	7.8107	27.3784	7.4840	17.5011	16.0314
3.8000	15.4555	13.2617	9.9832	8.0593	26.9278	7.6272	18.1687	16.6036
3.9000	15.8836	14.4226	10.8016	8.3355	26.6952	7.7896	18.7190	17.0774
4.0000	16.2690	15.6637	11.7564	8.6267	26.6917	7.9678	19.1784	17.4728
4.1000	16.5366	16.7142	13.3660	8.9467	26.9092	8.1771	19.5079	17.7566
4.2000	16.6524	17.5502	15.4945	9.3410	27.2891	8.4402	19.6584	17.8890
4.3000	16.7274	18.2211	17.5652	9.8056	27.6304	8.7194	19.7464	17.9718
4.4000	16.8486	18.7654	19.1688	10.3092	27.8857	8.9812	19.8282	18.0513
4.5000	16.9981	19.2225	19.9410	10.7719	27.8892	9.1798	19.9700	18.1823
4.6000	17.1956	19.6143	20.5753	11.1579	27.6814	9.3076	20.1808	18.3723
4.7000	17.3305	19.9478	20.9229	11.5255	27.4419	9.4045	20.3416	18.5211
4.8000	17.4046	20.2275	21.1133	11.9278	27.0958	9.4714	20.4513	18.6330
4.9000	17.5151	20.4775	21.5984	12.3320	26.5889	9.4656	20.6180	18.8018
5.0000	17.6285	20.7593	21.4531	12.8035	26.0939	9.4446	20.7528	18.9526
5.1000	17.7414	21.0934	20.9102	13.4197	25.6364	9.4526	20.8109	19.0487
5.2000	17.7838	21.4611	20.8450	14.1947	25.0729	9.4532	20.8165	19.1174
5.3000	17.7318	21.8107	21.2602	15.3247	24.4482	9.4609	20.7233	19.1369
5.4000	17.6929	22.1519	21.7285	16.7506	23.8865	9.4987	20.5592	19.1250
5.5000	17.6876	22.4911	21.7164	18.0571	23.3206	9.5385	20.3985	19.1120
5.6000	17.7114	22.7746	21.6113	19.0473	22.6000	9.5373	20.3103	19.1465
5.7000	17.7232	23.0328	21.8144	19.7256	21.7352	9.5185	20.2499	19.1867
5.8000	17.6825	23.2340	21.8398	20.2466	20.7635	9.5385	20.1478	19.1754
5.9000	17.6526	23.3016	21.9602	20.6879	19.5851	9.5740	20.0510	19.1593
6.0000	17.6442	23.2747	22.1381	21.0408	18.2120	9.5908	20.0058	19.1834
6.1000	17.6547	23.2260	22.0263	21.3815	16.8556	9.6250	19.9523	19.1957
6.2000	17.6718	23.1877	21.7938	21.6598	15.7546	9.6791	19.9149	19.2112
6.3000	17.6637	23.1314	21.8143	21.9207	14.9907	9.7749	19.8559	19.1986
6.4000	17.6074	23.0169	22.0314	22.3199	14.4816	9.9473	19.7327	19.1280
6.5000	17.5127	22.8434	22.3912	22.9314	14.1583	10.1975	19.5318	18.9899
6.6000	17.3928	22.5668	22.7990	23.6800	13.9371	10.4856	19.3075	18.8321
6.7000	17.2799	22.2106	23.2601	24.4427	13.7374	10.7808	19.0989	18.6848
6.8000	17.1967	21.8534	23.5257	25.0826	13.5191	11.0705	18.9496	18.5814
6.9000	17.1692	21.4843	23.5015	25.5919	13.2796	11.3494	18.8677	18.5321
7.0000	17.1697	21.0477	23.2880	25.9474	13.0558	11.6394	18.8266	18.5095
7.1000	17.1285	20.5046	22.9940	26.2882	12.9003	12.0207	18.7269	18.4274
7.2000	16.9826	19.8392	22.9635	26.7502	12.8053	12.5779	18.5067	18.2341
7.3000	16.7329	19.0314	23.3553	27.2032	12.6931	13.3847	18.2168	17.9715
7.4000	16.4817	18.0836	23.9211	27.5743	12.5266	14.3754	17.9335	17.7080
7.5000	16.2832	17.0742	23.9356	27.8921	12.3345	15.3378	17.6735	17.4600
7.6000	16.1053	16.1688	23.4720	28.1547	12.1553	16.1801	17.4021	17.1966
7.7000	15.8328	15.5114	23.3071	28.3610	12.0131	16.8875	17.0287	16.8349
7.8000	15.3540	15.0175	23.7159	28.6491	11.9079	17.5652	16.4262	16.2633
7.9000	14.6543	14.6179	24.5832	29.2133	11.7811	18.3374	15.5132	15.4144
8.0000	13.7413	14.3062	25.5875	29.9229	11.5345	19.1179	14.3416	14.3376
8.1000	12.6764	14.0748	26.6220	30.3386	11.0617	19.6270	13.0492	13.1605
8.2000	11.6026	13.9097	27.1949	29.9420	10.3621	19.4762	11.9145	12.1371
8.3000	10.7424	13.7822	26.4808	28.5906	9.6230	18.6326	11.0423	11.3583
8.4000	10.0414	13.6495	23.5471	26.4195	8.9648	17.2800	10.3244	10.7230
8.5000	9.4016	13.5078	20.0782	23.6369	8.4541	15.6052	9.6723	10.1524
8.6000	8.8400	13.3654	17.6920	20.7001	8.1652	13.9025	9.0636	9.6282
8.7000	8.4289	13.2362	15.8303	18.3007	8.1278	12.5769	8.5427	9.1847
8.8000	8.1545	13.1286	14.2173	16.6018	8.2202	11.6652	8.1700	8.8717
8.9000	7.9782	13.0441	13.0078	15.3055	8.3382	10.9872	7.9287	8.6753
9.0000	7.8600	12.9796	12.0484	14.2870	8.4980	10.4599	7.7710	8.5542
9.1000	7.7884	12.9083	11.1894	13.5134	8.7466	10.0864	7.6564	8.4715
9.2000	7.7396	12.7847	10.4760	12.9109	9.0814	9.8408	7.5700	8.4123
9.3000	7.6945	12.5806	9.9254	12.4324	9.5045	9.6793	7.4974	8.3637
9.4000	7.6619	12.3357	9.4708	12.0575	9.9978	9.5858	7.4453	8.3326
9.5000	7.6673	12.0992	9.0298	11.7522	10.5107	9.5412	7.4412	8.3441
9.6000	7.7461	11.8765	8.6138	11.4603	11.0261	9.5076	7.5346	8.4425
9.7000	7.9300	11.6763	8.2040	11.1515	11.6341	9.4809	7.7630	8.6579
9.8000	8.2267	11.4912	7.7393	10.9090	12.5139	9.5716	8.1157	8.9721
9.9000	8.5908	11.3057	7.3372	10.8678	13.5838	9.9086	8.5076	9.3061
10.0000	8.9409	11.1321	7.3517	11.0187	14.4668	10.4328	8.8977	9.6301
10.1000	9.3022	10.9921	7.9387	11.3450	15.0322	11.0801	9.3026	9.9633
10.2000	9.7630	10.8979	8.4726	11.8033	15.2449	11.7872	9.7874	10.3623
10.3000	10.3654	10.8382	8.7767	12.2278	15.0606	12.3947	10.4547	10.9125
10.4000	10.9110	10.8147	9.0261	12.4684	14.7005	12.7971	11.1758	11.5030
10.5000	11.2616	10.8423	9.3206	12.5638	14.3934	13.0913	11.7125	11.9320
10.6000	11.4648	10.9054	9.8489	12.5429	14.1326	13.3424	12.0768	12.2078
10.7000	11.5865	11.0093	10.4314	12.4311	13.9129	13.5570	12.3432	12.3937
10.8000	11.7007	11.2031	10.8612	12.3102	13.7495	13.7593	12.5507	12.5272
10.9000	11.8010	11.5185	11.1807	12.1850	13.5826	13.9212	12.7218	12.6300
11.0000	11.8488	11.8591	11.6430	12.0133	13.3409	13.9955	12.8769	12.7221
11.1000	11.8799	12.1425	12.4432	11.8192	13.0501	14.0052	13.0199	12.8079
11.2000	11.9061	12.3667	13.1008	11.6636	12.7729	14.0060	13.1240	12.8642
11.3000	11.9505	12.5039	13.4163	11.5130	12.4728	13.9606	13.2363	12.9306
11.4000	12.0008	12.5715	13.7125	11.3487	12.1614	13.8600	13.3594	13.0081
11.5000	11.9884	12.5894	13.8583	11.2669	11.9277	13.8267	13.3902	13.0088
11.6000	11.9235	12.5351	14.0588	11.2937	11.7192	13.8718	13.3438	12.9478
11.7000	11.8496	12.3918	14.5561	11.3656	11.4546	13.9044	13.3070	12.9001
11.8000	11.7976	12.2054	14.9039	11.5138	11.2202	13.9485	13.2540	12.8427
11.9000	11.7565	12.0681	14.8826	11.7555	11.0616	14.0182	13.1553	12.7477
12.0000	11.6731	11.9609	14.9855	12.0283	10.9228	14.0569	13.0224	12.6244
12.1000	11.4996	11.8549	15.4765	12.3563	10.7950	14.1024	12.7901	12.4178
12.2000	11.2381	11.7750	15.9954	12.8289	10.6658	14.1992	12.4232	12.1012
12.3000	10.9154	11.6984	16.4206	13.4781	10.4998	14.2668	11.9429	11.6984
12.4000	10.5467	11.6110	16.7103	14.0812	10.2174	14.1020	11.4898	11.3314
12.5000	10.2311	11.5332	16.8967	14.4074	9.8979	13.6814	11.1253	11.0431
12.6000	9.9601	11.4616	16.1397	14.4307	9.6163	13.0579	10.8162	10.8002
12.7000	9.7219	11.3750	15.0137	14.1547	9.3578	12.2620	10.5605	10.6016
12.8000	9.5272	11.2610	14.2133	13.6390	9.1394	11.3990	10.3526	10.4434
12.9000	9.3760	11.1483	13.3884	13.1937	9.0404	10.7017	10.1368	10.2789
13.0000	9.2600	11.0443	12.6703	12.9017	9.0383	10.1938	9.9524	10.1400
13.1000	9.1544	10.9281	12.3569	12.6915	9.1070	9.8129	9.7954	10.0214
13.2000	9.0460	10.8001	12.1822	12.5738	9.2297	9.5537	9.6441	9.9047
13.3000	8.9765	10.6793	12.0411	12.5523	9.3813	9.3896	9.5137	9.8037
13.4000	8.9291	10.5577	11.8607	12.5721	9.5416	9.2723	9.4087	9.7221
13.5000	8.8855	10.4229	11.6935	12.5705	9.6767	9.1813	9.3211	9.6514
13.6000	8.8436	10.2875	11.6257	12.5489	9.8001	9.1233	9.2434	9.5848
13.7000	8.7841	10.1633	11.4728	12.5465	9.9489	9.1135	9.1421	9.4953
13.8000	8.7216	10.0540	11.3495	12.5075	10.0621	9.1063	9.0576	9.4187
13.9000	8.6873	9.9739	11.3085	12.3812	10.1017	9.0513	9.0330	9.3942
14.0000	8.6950	9.9375	11.0343	12.2069	10.1082	8.9681	9.0507	9.4078
14.1000	8.7381	9.9407	10.5697	11.9905	10.1061	8.8802	9.0914	9.4397
14.2000	8.7587	9.9550	10.2282	11.7152	10.0968	8.8023	9.1248	9.4619
14.3000	8.7241	9.9576	10.1154	11.4443	10.0710	8.7841	9.1264	9.4568
14.4000	8.6741	9.9694	10.1470	11.2495	10.0666	8.8558	9.0922	9.4231
14.5000	8.6372	10.0070	10.0460	11.0899	10.0562	8.9416	9.0624	9.3946
14.6000	8.6485	10.0643	9.9191	10.8883	9.9941	8.9660	9.0921	9.4179
14.7000	8.6995	10.1304	9.7965	10.6290	9.9259	8.9328	9.1744	9.4855
14.8000	8.7435	10.1869	9.5824	10.4064	9.9384	8.9332	9.2190	9.5177
14.9000	8.7365	10.2040	9.5213	10.2300	10.0026	8.9966	9.2095	9.4988
15.0000	8.6784	10.1754	9.8204	10.0925	10.0738	9.0879	9.1712	9.4539
15.1000	8.6256	10.1398	10.1568	10.0157	10.1679	9.2016	9.1301	9.4075
15.2000	8.6378	10.1290	10.1903	9.9694	10.2950	9.3193	9.1248	9.3909
15.3000	8.6952	10.1308	10.0462	9.9040	10.4414	9.4039	9.1642	9.4111
15.4000	8.7362	10.1334	10.0128	9.8304	10.6261	9.4623	9.2096	9.4369
15.5000	8.7292	10.1288	10.1774	9.8231	10.9129	9.5568	9.1896	9.4076
15.6000	8.6671	10.1037	10.3450	9.9041	11.2756	9.6976	9.0999	9.3199
15.7000	8.6108	10.0606	10.5937	9.9855	11.6101	9.8076	9.0299	9.2511
15.8000	8.5984	10.0353	10.7263	10.0159	11.8945	9.8346	9.0197	9.2358
15.9000	8.6409	10.0526	10.4677	9.9909	12.1360	9.7801	9.0665	9.2720
16.0000	8.7368	10.0895	10.1302	9.8763	12.3195	9.6363	9.1870	9.3731
16.1000	8.8203	10.1248	9.8616	9.7208	12.4747	9.4490	9.3075	9.4757
16.2000	8.8576	10.1530	9.6775	9.6144	12.6623	9.2935	9.3690	9.5303
16.3000	8.8530	10.1779	9.6707	9.5577	12.8845	9.1951	9.3726	9.5356
16.4000	8.8216	10.2085	9.7212	9.5164	13.1144	9.1338	9.3587	9.5259
16.5000	8.8250	10.2707	9.7987	9.4830	13.3558	9.0825	9.3655	9.5342
16.6000	8.8693	10.3772	9.7423	9.4385	13.5995	9.0102	9.4167	9.5815
16.7000	8.9495	10.4945	9.6505	9.3796	13.8661	8.9130	9.4982	9.6558
16.8000	9.0215	10.6074	9.6607	9.3121	14.2257	8.8185	9.5741	9.7242
16.9000	9.0415	10.7189	9.7570	9.2963	14.7158	8.7681	9.5775	9.7299
17.0000	9.0186	10.8302	9.9814	9.3113	15.2604	8.7457	9.5453	9.7047
17.1000	9.0056	10.9683	10.2703	9.3069	15.7973	8.7147	9.5366	9.6995
17.2000	9.0512	11.1516	10.3178	9.2830	16.3301	8.6574	9.5782	9.7386
17.3000	9.1618	11.3875	10.1003	9.2321	16.8465	8.5556	9.6852	9.8367
17.4000	9.3053	11.6538	9.8938	9.1166	17.3355	8.4068	9.8577	9.9936
17.5000	9.4411	11.8938	9.7707	8.9684	17.9343	8.2686	10.0370	10.1572
17.6000	9.5665	12.0885	9.6467	8.8378	18.7156	8.1861	10.2106	10.3167
17.7000	9.7258	12.2514	9.5686	8.7345	19.6576	8.1535	10.4272	10.5147
17.8000	9.9473	12.4228	9.4336	8.6627	20.8224	8.1755	10.7339	10.7920
17.9000	10.2863	12.6541	9.2105	8.6402	22.3201	8.2887	11.1841	11.1926
18.0000	10.7939	12.9412	8.9624	8.7272	24.3385	8.5644	11.8300	11.7580
18.1000	11.4510	13.2358	8.7444	9.0037	26.7058	9.0821	12.5851	12.4099
18.2000	12.1669	13.5254	8.8306	9.4507	28.7770	9.7875	13.3708	13.0800
18.3000	12.9111	13.8126	9.5801	10.0507	30.3284	10.6082	14.1872	13.7694
18.4000	13.7580	14.1037	10.5935	10.7282	31.0181	11.4146	15.1292	14.5611
18.5000	14.7802	14.4392	11.5432	11.3584	30.6843	12.0504	16.3391	15.5768
18.6000	15.7609	14.8334	12.1394	11.8336	29.6623	12.4445	17.6668	16.6923
18.7000	16.5918	15.2808	12.5212	12.1808	28.4135	12.6907	18.8168	17.6596
18.8000	17.2282	15.7691	13.0495	12.4511	27.1144	12.8520	19.7467	18.4423
18.9000	17.6291	16.3142	13.8289	12.7474	25.9583	13.0544	20.3544	18.9517
19.0000	17.8405	17.0062	14.8010	13.1043	24.7540	13.3073	20.7137	19.2513
19.1000	17.9956	17.8963	16.0661	13.4862	23.3581	13.5526	20.9607	19.4572
19.2000	18.1377	18.8235	17.2802	13.8771	21.7594	13.7744	21.1658	19.6292
19.3000	18.2922	19.6781	18.4871	14.2997	20.1980	13.9943	21.3380	19.7762
19.4000	18.4050	20.3963	19.8262	14.7557	18.9806	14.2121	21.4526	19.8763
19.5000	18.4080	20.9377	21.1288	15.2231	18.0241	14.4165	21.4827	19.9058
19.6000	18.3764	21.3154	22.5255	15.6946	17.2109	14.6064	21.4644	19.8948
19.7000	18.3346	21.5848	23.3506	16.1839	16.5026	14.7895	21.4096	19.8539
19.8000	18.3218	21.7542	23.5673	16.6391	15.8002	14.9113	21.3933	19.8488
19.9000	18.3606	21.8218	23.7624	17.0026	15.0965	14.9276	21.4546	19.9132
20.0000	18.3765	21.8123	23.6134	17.3691	14.4286	14.9165	21.4993	19.9691
20.1000	18.3898	21.6752	23.4149	17.8001	13.8120	14.9147	21.5112	20.0032
20.2000	18.3722	21.3809	23.4552	18.3122	13.2830	14.9131	21.4741	20.0004
20.3000	18.2882	20.9473	23.4822	19.0073	12.8745	14.9708	21.3418	19.9235
20.4000	18.1592	20.3734	23.7384	20.0051	12.5729	15.1312	21.0779	19.7425
20.5000	17.9360	19.6191	24.0886	21.3912	12.3343	15.3713	20.6903	19.4703
20.6000	17.6732	18.6412	24.8232	23.0576	12.0942	15.6596	20.2282	19.1448
20.7000	17.3851	17.5405	25.6562	24.7483	11.8441	15.9810	19.7223	18.7705
20.8000	17.0427	16.5772	26.0797	26.4072	11.5732	16.3333	19.1356	18.3076
20.9000	16.6488	15.8174	26.6553	27.8348	11.2601	16.6239	18.5146	17.7895
21.0000	16.1202	15.1993	27.3903	29.0642	10.9348	16.8799	17.7435	17.1146
21.1000	15.3975	14.6743	27.9189	30.2575	10.5699	17.1354	16.7362	16.2170
21.2000	14.4699	14.2357	28.7589	31.3457	10.1066	17.3039	15.4860	15.0976
21.3000	13.3318	13.8752	29.5507	31.9509	9.4940	17.1823	14.1437	13.9014
21.4000	12.2557	13.5766	29.9932	31.7513	8.8144	16.6329	12.9966	12.8902
21.5000	11.3857	13.3179	28.5023	30.6008	8.1810	15.6735	12.0778	12.0859
21.6000	10.6411	13.0818	24.7798	28.5997	7.6633	14.4133	11.2736	11.3856
21.7000	9.9667	12.8778	21.5412	25.9156	7.2905	12.9751	10.5392	10.7502
21.8000	9.4108	12.6905	19.3008	23.1853	7.0870	11.6654	9.8704	10.1760
21.9000	9.0194	12.5002	17.5256	21.0912	7.0245	10.7337	9.3530	9.7356
22.0000	8.7570	12.3108	16.0533	19.5455	7.0472	10.1219	8.9772	9.4146
22.1000	8.5528	12.1087	14.7840	18.3342	7.1097	9.7190	8.6911	9.1675
22.2000	8.3860	11.8743	13.8801	17.3328	7.1659	9.4446	8.4774	8.9821
22.3000	8.2632	11.6065	13.1930	16.4689	7.2264	9.2791	8.3302	8.8522
22.4000	8.1800	11.3120	12.3543	15.7797	7.3159	9.2502	8.2029	8.7366
22.5000	8.1194	11.0161	11.5202	15.1741	7.3939	9.3295	8.1185	8.6561
22.6000	8.0665	10.7344	10.9539	14.6168	7.4678	9.4896	8.0531	8.5903
22.7000	7.9961	10.4813	10.4698	14.1974	7.5774	9.7161	7.9652	8.5048
22.8000	7.9268	10.2582	10.1417	13.9029	7.7022	9.9856	7.8609	8.4046
22.9000	7.8617	10.0589	10.0013	13.6260	7.7832	10.1910	7.7927	8.3377
23.0000	7.8282	9.8870	9.8972	13.3541	7.8451	10.3348	7.7527	8.2960
23.1000	7.8194	9.7482	9.6241	13.1010	7.9218	10.4631	7.7235	8.2614
23.2000	7.8046	9.6207	9.3598	12.8422	7.9938	10.5675	7.6936	8.2247
23.3000	7.7645	9.4842	9.3382	12.5527	8.0375	10.6343	7.6712	8.1943
23.4000	7.7126	9.3565	9.3625	12.2820	8.0771	10.7193	7.6303	8.1479
23.5000	7.6805	9.2412	9.2274	12.0321	8.0995	10.7994	7.6014	8.1117
23.6000	7.6786	9.1341	9.0648	11.7171	8.0781	10.8114	7.6145	8.1096
23.7000	7.6865	9.0429	8.9142	11.3244	8.0361	10.7651	7.6607	8.1328
23.8000	7.6900	8.9699	8.7533	10.9213	8.0283	10.7423	7.6905	8.1352
23.9000	7.6649	8.9006	8.6416	10.5517	8.0416	10.7594	7.6996	8.1148
24.0000	7.6201	8.8196	8.7149	10.2406	8.0573	10.7880	7.6933	8.0810
24.1000	7.5683	8.7442	8.8144	9.9953	8.0685	10.8198	7.6797	8.0433
24.2000	7.5401	8.6867	8.7948	9.7941	8.0683	10.8459	7.6779	8.0178
24.3000	7.5371	8.6332	8.7264	9.5897	8.0431	10.8165	7.7101	8.0229
24.4000	7.5408	8.5763	8.6672	9.3798	8.0107	10.7447	7.7557	8.0410
24.5000	7.5405	8.5156	8.6412	9.2149	8.0083	10.6853	7.7862	8.0480
24.6000	7.5177	8.4518	8.6289	9.1085	8.0391	10.6607	7.7831	8.0279
24.7000	7.4792	8.3844	8.7043	9.0307	8.0758	10.6588	7.7661	7.9968
24.8000	7.4433	8.3237	8.8182	8.9729	8.1115	10.6657	7.7490	7.9668
24.9000	7.4218	8.2743	8.8175	8.9439	8.1450	10.6857	7.7358	7.9419
25.0000	7.4192	8.2268	8.7702	8.9071	8.1619	10.6840	7.7434	7.9356
